LANDSAT 5               
1 14780U 84021A   13115.85392282 -.00000567  00000-0 -83714-4 0  9318
2 14780  98.1024 180.8652 0031486  88.7347 271.7447 14.70842508550590
SPOT 2                  
1 20436U 90005A   13115.70845760  .00000719  00000-0  12854-3 0  4813
2 20436  98.7232 272.6445 0150670 268.7558  89.6378 14.63480334211414
SCD 1                   
1 22490U 93009B   13114.86886433  .00000383  00000-0  57018-4 0  1175
2 22490  24.9697 265.6629 0042809 195.3378 295.3616 14.43850034 66456
ERS-2                   
1 23560U 95021A   13115.46825718  .00002895  00000-0  20488-3 0  6463
2 23560  98.5428 263.6219 0004015   2.3598 357.7716 15.05794588946311
RADARSAT-1              
1 23710U 95059A   13115.87306821  .00000114  00000-0  61010-4 0  5812
2 23710  98.5806 123.9082 0001172  92.9935 317.0732 14.29991151912135
TOMS EP                 
1 23940U 96037A   13115.51771448  .00000385  00000-0  10273-3 0  2345
2 23940  97.9225 296.0109 0027811 308.7642  84.5417 14.53178833893877
MIDORI (ADEOS)          
1 24277U 96046A   13115.83461701  .00000134  00000-0  70230-4 0  2085
2 24277  98.5511  59.3432 0002347  93.6985 300.2971 14.28877051870061
ORBVIEW 2 (SEASTAR)     
1 24883U 97037A   13115.81445722  .00000217  00000-0  95796-4 0   165
2 24883  98.4457 231.8972 0001257 245.7058 269.1459 14.32617617835158
IRS-1D                  
1 24971U 97057A   13115.76587411  .00000084  00000-0  44652-4 0  6478
2 24971  98.2274  99.0902 0054918  49.5986 310.9975 14.33298210814576
TRMM                    
1 25063U 97074A   13115.87209381  .00019394  00000-0  27238-3 0  3065
2 25063  34.9636  20.7536 0000746 198.3483 159.7434 15.55750681879656
SPOT 4                  
1 25260U 98017A   13115.76580185  .00000052  00000-0  43508-4 0  4717
2 25260  98.5173 172.6992 0001735 100.9534 259.1836 14.20885647782257
FASAT B                 
1 25395U 98043B   13115.50346127  .00000102  00000-0  61700-4 0  6074
2 25395  98.3608  93.1072 0003533  55.0718  91.9085 14.24642848768930
TECHSAT 1B (GO-32)      
1 25397U 98043D   13114.82831894  .00000053  00000-0  41723-4 0   544
2 25397  98.4098  84.9224 0002476  97.3738 292.7748 14.23333705768350
SCD 2                   
1 25504U 98060A   13110.11725372  .00000339  00000-0  45977-4 0  4247
2 25504  24.9953 128.9965 0016981 200.6477 208.2331 14.43458116765173
LANDSAT 7               
1 25682U 99020A   13115.71343579 -.00002895  00000-0 -63294-3 0   762
2 25682  98.1952 185.9488 0000540  98.9366 261.1883 14.57104885746191
KITSAT 3                
1 25756U 99029A   13115.72695624  .00000145  00000-0  46493-4 0  1022
2 25756  98.5019   3.7964 0013891 194.8657 198.0739 14.52948077737652
DLR-TUBSAT              
1 25757U 99029B   13115.69603065 -.00000003  00000-0  11147-4 0   354
2 25757  98.5450 356.8442 0013671 243.4646 116.5143 14.51033321736952
IRS-P4 (OCEANSAT 1)     
1 25758U 99029C   13114.81947367  .00000310  00000-0  88790-4 0  3366
2 25758  98.2436 206.2611 0001878 218.0759 289.0085 14.51340494736985
QUIKSCAT                
1 25789U 99034A   13115.54684627  .00000003  00000-0  19325-4 0  5835
2 25789  98.6209 306.1701 0001908 112.1951 311.0899 14.26993657721297
IKONOS 2                
1 25919U 99051A   13115.74525701 -.00000326  00000-0 -52767-4 0  9367
2 25919  98.1029 191.5177 0001225  75.3742 284.7532 14.64450108726218
CBERS 1 (ZY 1A)         
1 25940U 99057A   13115.83058736  .00000166  00000-0  73348-4 0  4606
2 25940  98.3127  74.0826 0005339 177.0771 215.7065 14.34784960708770
TERRA                   
1 25994U 99068A   13115.79731637  .00000270  00000-0  69998-4 0   563
2 25994  98.2095 191.4812 0001274  98.3129 261.8202 14.57121538710282
ARIRANG 1 (KOMPSAT-1)   
1 26032U 99070A   13115.84682024  .00000408  00000-0  81202-4 0  9734
2 26032  97.7578 312.3165 0006274  80.7117 279.4804 14.66733485713879
EO-1                    
1 26619U 00075A   13115.80622318  .00000108  00000-0  30109-4 0  4066
2 26619  98.0356 179.4461 0009660 200.8179 159.2600 14.62918465662134
SAC-C                   
1 26620U 00075B   13115.11587118  .00000405  00000-0  99297-4 0  8911
2 26620  97.9285  94.1236 0001185 109.4219  27.8451 14.57173025660648
EROS A1                 
1 26631U 00079A   13115.81658321  .00004914  00000-0  29918-3 0  2138
2 26631  97.6170 190.2109 0011139 217.4380 253.1305 15.10827248687572
QUICKBIRD 2             
1 26953U 01047A   13115.80259133  .00008926  00000-0  21322-3 0  5522
2 26953  97.1773 180.7013 0001765 120.2000  17.4530 15.41735760646998
TES                     
1 26957U 01049A   13115.86331678  .00001509  00000-0  11752-3 0  5121
2 26957  97.7311 196.3692 0050589 128.2449 232.3380 15.01786204630512
JASON 1                 
1 26997U 01055A   13115.80222133 -.00000046  00000-0  65594-4 0  6504
2 26997  66.0425  20.6700 0008191 285.3917 111.6950 12.83921862532563
METEOR-3M               
1 27001U 01056A   13115.51173796 -.00000040  00000-0  28204-5 0  3116
2 27001  99.2127 288.4727 0012950 332.9472  60.1234 13.68747575568173
BADR-B                  
1 27003U 01056C   13115.54210321 -.00000040  00000-0  26008-5 0  3476
2 27003  99.1637 293.9774 0019515 322.7336  69.5213 13.70150718568814
MAROC-TUBSAT            
1 27004U 01056D   13111.43822525 -.00000035  00000-0  79047-5 0   850
2 27004  99.1655 289.1954 0019244 335.2674  57.3183 13.70065303568204
SPOT 5                  
1 27421U 02021A   13115.82947576  .00000175  00000-0  10222-3 0  3885
2 27421  98.6147 185.9330 0000884  96.8385  39.2165 14.20085772569081
AQUA                    
1 27424U 02022A   13115.83141730  .00000543  00000-0  13059-3 0  6487
2 27424  98.2142  58.0175 0001555  86.2660 348.0842 14.57114007583899
HAIYANG-1A              
1 27430U 02024A   13114.65777984  .00000149  00000-0  73396-4 0  2053
2 27430  98.2847 149.9251 0008156 232.3144 274.5633 14.30162530571206
ALSAT 1                 
1 27559U 02054A   13115.14671280  .00000366  00000-0  68211-4 0  7804
2 27559  97.7697 316.5768 0023659 172.8738 335.6514 14.70259577556518
MIDORI II (ADEOS-II)    
1 27597U 02056A   13115.14670253  .00000118  00000-0  66039-4 0  9989
2 27597  98.2917 140.3905 0002257 109.4890 280.9086 14.26544537539491
IRS-P6 (RESOURCESAT-1)  
1 28051U 03046A   13115.79382466  .00000042  00000-0  39279-4 0  9759
2 28051  98.7585 192.8661 0004347  39.7653 320.3835 14.21608690494259
CBERS 2 (ZY 1B)         
1 28057U 03049A   13115.77977872  .00000060  00000-0  35321-4 0  4228
2 28057  98.1594 118.9052 0002026  70.1731 289.9670 14.35057339498412
TANSUO 1 (TS 1)         
1 28220U 04012A   13115.55459218  .00001893  00000-0  19253-3 0  4989
2 28220  97.4965  95.3353 0011849 174.9432 253.3467 14.91845027490089
FORMOSAT-2 (ROCSAT 2)   
1 28254U 04018A   13115.85915712  .00000106  00000-0  10000-3 0    96
2 28254  98.9182 178.8736 0001559  88.6094  40.1182 14.00776755456738
AURA                    
1 28376U 04026A   13115.06737745  .00000347  00000-0  87012-4 0  7857
2 28376  98.2106  59.4625 0000797  74.6126 285.5188 14.57111900466837
PARASOL                 
1 28498U 04049G   13114.96730063  .00000363  00000-0  85403-4 0  6300
2 28498  98.4555  88.2583 0001554  90.5740 269.5660 14.60204325444343
IRS-P5 (CARTOSAT-1)     
1 28649U 05017A   13115.80835511 -.00001003  00000-0 -11583-3 0  9788
2 28649  97.8739 191.5285 0000868 147.3238 212.7985 14.83431879431612
TOPSAT                  
1 28891U 05043B   13115.85841156  .00000186  00000-0  47578-4 0  3487
2 28891  97.8620 330.2152 0015754 245.9860 113.9694 14.60298270399401
SINAH 1                 
1 28893U 05043D   13115.11860997  .00000119  00000-0  33574-4 0  6673
2 28893  97.8698 332.0705 0014360 244.7419 261.5843 14.60511176399376
ALOS (DAICHI)           
1 28931U 06002A   13115.86257790  .00000428  00000-0  97922-4 0   769
2 28931  98.0359 182.3886 0002244  72.7840 287.3589 14.60344403386407
EROS B                  
1 29079U 06014A   13115.37409993  .00006646  00000-0  31690-3 0  8783
2 29079  97.4447 234.7673 0000959 227.1101 217.4648 15.19423308388268
RSS-1 (YAOGAN 1)        
1 29092U 06015A   13115.04072309  .00000387  00000-0  56485-4 0  3961
2 29092  97.9530 107.9337 0001492 100.9209 290.6984 14.81188671378083
RESURS-DK 1             
1 29228U 06021A   13115.87012447  .00000240  00000-0  27029-4 0  6892
2 29228  69.9386 342.6857 0004500 186.8077 255.7569 14.99871428380987
ARIRANG 2 (KOMPSAT-2)   
1 29268U 06031A   13115.87433285  .00000380  00000-0  85000-4 0  4867
2 29268  98.2300  12.3080 0016499  84.3220 275.9870 14.62073506359877
LAPAN-TUBSAT            
1 29709U 07001A   13115.72105863  .00000206  00000-0  33081-4 0  9917
2 29709  97.6323 138.5653 0013780  15.0337 345.1275 14.80888171339882
CARTOSAT-2 (IRS-P7)     
1 29710U 07001B   13115.82799523  .00000326  00000-0  51598-4 0  9671
2 29710  97.9691 175.2769 0000838  40.2812 319.8426 14.78626072339556
HAIYANG-1B              
1 31113U 07010A   13115.78229764  .00000086  00000-0  49627-4 0  7144
2 31113  98.3636 170.4324 0014438 226.8036 133.1929 14.29860065315192
COSMO-SKYMED 1          
1 31598U 07023A   13115.79408310 -.00000082  00000-0 -38024-5 0  5384
2 31598  97.8730 301.8502 0001405  79.8988 280.2387 14.82159103318275
TERRASAR-X              
1 31698U 07026A   13115.60047329  .00000455  00000-0  24855-4 0  8401
2 31698  97.4433 123.8709 0001940  86.5935  25.3730 15.19154748325082
WORLDVIEW-1 (WV-1)      
1 32060U 07041A   13115.80856697 -.00000770  00000-0 -28675-4 0  2534
2 32060  97.3322 191.6445 0003028  65.9355  40.7218 15.24348249311699
CBERS 2B                
1 32062U 07042A   13115.72006034  .00000099  00000-0  45595-4 0  8257
2 32062  98.3414 186.4598 0033092  61.5166 298.9338 14.38958093293935
YAOGAN 3                
1 32289U 07055A   13115.83467068  .00000415  00000-0  60052-4 0   420
2 32289  97.9077 107.2769 0000953  90.9755 269.1562 14.81180144294737
COSMO-SKYMED 2          
1 32376U 07059A   13115.82780912  .00000614  00000-0  83639-4 0  9398
2 32376  97.8729 301.8836 0001482  87.6745 272.4640 14.82167715291027
RADARSAT-2              
1 32382U 07061A   13115.91740321  .00000214  00000-0  10000-3 0  9227
2 32382  98.5759 124.4538 0001258  88.7452   1.7861 14.29983939280022
CARTOSAT-2A             
1 32783U 08021A   13115.87390666  .00000636  00000-0  93498-4 0  5347
2 32783  97.8623 175.5972 0015057 165.7082 194.4554 14.78711266269500
IMS-1                   
1 32786U 08021D   13115.80925774  .00000702  00000-0  97937-4 0   225
2 32786  97.7585 169.9245 0014161 130.9476 229.2958 14.80587255269759
JASON 2 (OSTM)          
1 33105U 08032A   13115.14873295 -.00000023  00000-0  16548-3 0  5961
2 33105  66.0438  26.4700 0007932 275.6919 230.2721 12.80930517226676
RAPIDEYE 2              
1 33312U 08040A   13115.76360704  .00000322  00000-0  49539-4 0  1979
2 33312  97.9044 205.9023 0011554 219.1131 140.9250 14.79897619251530
RAPIDEYE 5              
1 33313U 08040B   13115.78865244  .00000278  00000-0  43615-4 0  1846
2 33313  97.8996 204.9412 0019209  97.5273 262.8116 14.79898959251484
RAPIDEYE 1              
1 33314U 08040C   13115.77678814  .00000281  00000-0  44117-4 0  2350
2 33314  97.9026 205.9132 0023692 234.9837 124.9147 14.79893458251520
RAPIDEYE 3              
1 33315U 08040D   13115.81459419  .00000319  00000-0  49050-4 0  1671
2 33315  97.8979 204.8523 0012981 167.2324 192.9227 14.79899784251495
RAPIDEYE 4              
1 33316U 08040E   13115.80029828  .00000287  00000-0  44885-4 0  1617
2 33316  97.8971 204.6285 0013428 116.0275 244.2331 14.79902087251482
HUANJING 1A (HJ-1A)     
1 33320U 08041A   13115.79790126  .00000368  00000-0  62261-4 0  1222
2 33320  97.8238 180.6316 0026388 215.6877 144.2558 14.74723447249555
HUANJING 1B (HJ-1B)     
1 33321U 08041B   13115.76670617  .00000465  00000-0  76428-4 0  1815
2 33321  97.8263 180.9298 0035776 233.9342 125.8548 14.74725528249531
GEOEYE 1                
1 33331U 08042A   13115.84707544 -.00001189  00000-0 -21567-3 0  1411
2 33331  98.1167 190.5178 0008852 333.7320  26.3351 14.64445347247647
THEOS                   
1 33396U 08049A   13115.88559692  .00000152  00000-0  92129-4 0  9364
2 33396  98.7584 183.9801 0001100 102.8767  14.9410 14.19999052236706
COSMO-SKYMED 3          
1 33412U 08054A   13115.88268857  .00000528  00000-0  72847-4 0  9686
2 33412  97.8724 301.9368 0001527  83.4018 276.7376 14.82155790243493
YAOGAN 4                
1 33446U 08061A   13115.82877052  .00000292  00000-0  50867-4 0  8795
2 33446  97.7445 172.4582 0017669 166.5503 193.6151 14.74676844236820
YAOGAN 5                
1 33456U 08064A   13115.79606390  .00012187  00000-0  26732-3 0  8856
2 33456  97.2185 189.8232 0008466  57.1523  91.4837 15.44172436243575
GOSAT (IBUKI)           
1 33492U 09002A   13115.79338246  .00000038  00000-0  15202-4 0  3859
2 33492  98.0845 226.3029 0001844  75.5988 284.5423 14.67540549227868
YAOGAN 6                
1 34839U 09021A   13115.31991645  .00003036  00000-0  15191-3 0  4939
2 34839  97.3233 200.0600 0001967 114.8358 315.7726 15.18143428222315
RAZAKSAT                
1 35578U 09037A   13115.72283854  .00000810  00000-0  46557-4 0  1696
2 35578   8.9883 179.7500 0016442 208.5341 151.3958 14.65628978202940
DEIMOS-1                
1 35681U 09041A   13115.84039053  .00000267  00000-0  52636-4 0  1476
2 35681  98.0095  15.5410 0001529 105.3856 254.7526 14.69916989200664
OCEANSAT 2              
1 35931U 09051A   13115.81923427  .00000371  00000-0  10517-3 0  3377
2 35931  98.2757 212.5020 0003286 151.9918 354.5179 14.50848708190027
WORLDVIEW-2 (WV-2)      
1 35946U 09055A   13115.80871008  .00000013  00000-0  18904-4 0  9371
2 35946  98.4526 196.6847 0000524  87.2096 272.9135 14.37650630186051
SMOS                    
1 36036U 09059A   13115.53297918  .00000138  00000-0  57903-4 0   649
2 36036  98.4456 303.7720 0001124 105.0183 288.7658 14.39751478182817
YAOGAN 7                
1 36110U 09069A   13115.76477514 -.00000183  00000-0 -19796-4 0  7524
2 36110  98.0050 250.6461 0023603 277.9614  81.8927 14.74147117181809
TANDEM-X                
1 36605U 10030A   13115.58001639  .00001430  00000-0  71293-4 0  4277
2 36605  97.4468 123.8530 0001665 105.5608 254.5810 15.19154474157824
CARTOSAT 2B             
1 36795U 10035A   13115.84891575  .00000286  00000-0  45874-4 0  1289
2 36795  97.8643 177.4276 0014710 242.6073 117.3636 14.78712652150545
YAOGAN 10               
1 36834U 10038A   13115.88843204  .00000308  00000-0  46311-4 0   210
2 36834  97.8488 115.1486 0001219  53.1945 306.9383 14.81112571146493
COSMO-SKYMED 4          
1 37216U 10060A   13115.84468515  .00000215  00000-0  33551-4 0  7647
2 37216  97.8738 301.9011 0001484  79.1235 281.0149 14.82167098133572
SAC-D                   
1 37673U 11024A   13115.77535721  .00000352  00000-0  63475-4 0  6066
2 37673  98.0120 123.9600 0001515  98.9329 313.1507 14.72329257100813
RASAT                   
1 37791U 11044D   13115.82845376  .00000156  00000-0  39391-4 0  9071
2 37791  98.2025 199.3533 0021966 193.4758 166.5852 14.63611804 90319
MEGHA-TROPIQUES         
1 37838U 11058A   13114.84619406  .00000420  00000-0  88092-4 0  3948
2 37838  19.9776 283.6239 0009748  12.9104 129.4114 14.09684699 79170
SRMSAT                  
1 37841U 11058D   13115.79861362  .00000388  00000-0  68944-4 0  3753
2 37841  19.9719 275.2340 0012046  21.4810 114.0381 14.10216354 79363
YAOGAN 13               
1 37941U 11072A   13115.90473822  .00003744  00000-0  17774-3 0  5927
2 37941  97.3709  47.6648 0002255 111.1969 321.2531 15.19851439 77971
PLEIADES 1A             
1 38012U 11076F   13115.78614035  .00000150  00000-0  42072-4 0  5164
2 38012  98.2022 191.5463 0001253  81.7103 278.4230 14.58560518 72254
ZIYUAN 1-02C (ZY 1-02C) 
1 38038U 11079A   13115.79798162  .00000122  00000-0  57715-4 0  4922
2 38038  98.5043 193.0880 0000839  75.5491 284.5782 14.35363592 70399
ZIYUAN 3 (ZY 3)         
1 38046U 12001A   13115.86478691  .00003526  00000-0  16105-3 0  4734
2 38046  97.4404 193.2216 0006092  63.5448  48.6332 15.21223188 71874
RISAT 1                 
1 38248U 12017A   13115.90066610  .00001354  00000-0  89833-4 0  1333
2 38248  97.5943 123.2698 0000961 126.4791 327.2150 15.08921408 55032
ARIRANG 3 (KOMPSAT-3)   
1 38338U 12025B   13115.73785388  .00000247  00000-0  58905-4 0  6929
2 38338  98.1621  56.5798 0012215  39.6050 320.6041 14.61754735 50114
SPOT 6                  
1 38755U 12047A   13115.80239448  .00000131  00000-0  37875-4 0  7640
2 38755  98.1697 184.1656 0001311  89.2396 270.8952 14.58587918 33335
LANDSAT 8               
1 39084U 13008A   13115.33981785  .00000171  00000-0  48076-4 0  1159
2 39084  98.2141 187.0487 0001681  63.1102 297.0276 14.57120388 10604
SARAL                   
1 39086U 13009A   13114.95957915  .00000117  00000-0  59598-4 0  1013
2 39086  98.5256 304.3434 0001688  89.4264 270.7120 14.32257729  8368
